Fecha,Casos nuevos con sintomas,Casos totales,Casos recuperados,Fallecidos,Casos activos,Casos nuevos sin sintomas,Casos nuevos totales,Casos activos por FD,Casos activos por FIS,Casos recuperados por FIS,Casos recuperados por FD,Casos probables acumulados,Casos activos probables,Casos nuevos sin notificar
2020-03-02,1.0,1.0,0.0,0.0,1.0,,1.0,1.0,,,0.0,,,
2020-03-03,0.0,1.0,0.0,0.0,1.0,,0.0,1.0,,,0.0,,,
2020-03-04,2.0,3.0,0.0,0.0,3.0,,2.0,3.0,,,0.0,,,
2020-03-05,1.0,4.0,0.0,0.0,4.0,,1.0,4.0,,,0.0,,,
2020-03-06,1.0,5.0,0.0,0.0,5.0,,1.0,5.0,,,0.0,,,
2020-03-07,2.0,7.0,0.0,0.0,7.0,,2.0,7.0,,,0.0,,,
2020-03-08,3.0,10.0,0.0,0.0,10.0,,3.0,10.0,,,0.0,,,
2020-03-09,5.0,15.0,0.0,0.0,15.0,,5.0,15.0,,,0.0,,,
2020-03-10,2.0,17.0,0.0,0.0,17.0,,2.0,17.0,,,0.0,,,
2020-03-11,6.0,23.0,0.0,0.0,23.0,,6.0,23.0,,,0.0,,,
2020-03-12,10.0,33.0,0.0,0.0,33.0,,10.0,33.0,,,0.0,,,
2020-03-13,10.0,43.0,0.0,0.0,43.0,,10.0,43.0,,,0.0,,,
2020-03-14,18.0,61.0,0.0,0.0,61.0,,18.0,61.0,,,0.0,,,
2020-03-15,14.0,75.0,0.0,0.0,75.0,,14.0,75.0,,,0.0,,,
2020-03-16,81.0,156.0,0.0,0.0,156.0,,81.0,156.0,,,0.0,,,
2020-03-17,45.0,201.0,1.0,0.0,200.0,,45.0,200.0,,,1.0,,,
2020-03-18,37.0,238.0,3.0,0.0,235.0,,37.0,235.0,,,3.0,,,
2020-03-19,104.0,342.0,4.0,0.0,338.0,,104.0,338.0,,,4.0,,,
2020-03-20,92.0,434.0,5.0,0.0,429.0,,92.0,429.0,,,5.0,,,
2020-03-21,103.0,537.0,6.0,0.0,531.0,,103.0,531.0,,,6.0,,,
2020-03-22,95.0,632.0,8.0,1.0,623.0,,95.0,623.0,,,8.0,,,
2020-03-23,114.0,746.0,11.0,1.0,734.0,,114.0,734.0,,,11.0,,,
2020-03-24,176.0,922.0,17.0,2.0,903.0,,176.0,903.0,,,17.0,,,
2020-03-25,220.0,1142.0,22.0,3.0,1117.0,,220.0,1117.0,,,22.0,,,
2020-03-26,164.0,1306.0,33.0,4.0,1269.0,,164.0,1269.0,,,33.0,,,
2020-03-27,304.0,1610.0,43.0,5.0,1562.0,,304.0,1562.0,,,43.0,,,
2020-03-28,299.0,1909.0,61.0,6.0,1842.0,,299.0,1842.0,,,61.0,,,
2020-03-29,230.0,2139.0,75.0,7.0,2057.0,,230.0,2057.0,,,75.0,,,
2020-03-30,310.0,2449.0,156.0,8.0,2285.0,,310.0,2285.0,,,156.0,,,
2020-03-31,289.0,2738.0,201.0,12.0,2525.0,,289.0,2525.0,,,201.0,,,
2020-04-01,293.0,3031.0,234.0,16.0,2781.0,,293.0,2781.0,,,234.0,,,
2020-04-02,373.0,3404.0,335.0,18.0,3051.0,,373.0,3051.0,,,335.0,,,
2020-04-03,333.0,3737.0,427.0,22.0,3288.0,,333.0,3288.0,,,427.0,,,
2020-04-04,424.0,4161.0,528.0,27.0,3606.0,,424.0,3606.0,,,528.0,,,
2020-04-05,310.0,4471.0,617.0,34.0,3820.0,,310.0,3820.0,,,617.0,,,
2020-04-06,344.0,4815.0,728.0,37.0,4050.0,,344.0,4050.0,,,728.0,,,
2020-04-07,301.0,5116.0,898.0,43.0,4175.0,,301.0,4175.0,,,898.0,,,
2020-04-08,430.0,5546.0,1115.0,48.0,4383.0,,430.0,4383.0,,,1115.0,,,
2020-04-09,426.0,5972.0,1274.0,57.0,4641.0,,426.0,4641.0,,,1274.0,,,
2020-04-10,529.0,6501.0,1571.0,65.0,4865.0,,529.0,4865.0,,,1571.0,,,
2020-04-11,426.0,6927.0,1864.0,73.0,4990.0,,426.0,4990.0,,,1864.0,,,
2020-04-12,286.0,7213.0,2059.0,80.0,5074.0,,286.0,5074.0,,,2059.0,,,
2020-04-13,312.0,7525.0,2367.0,82.0,5076.0,,312.0,5076.0,,,2367.0,,,
2020-04-14,392.0,7917.0,2646.0,92.0,5179.0,,392.0,5179.0,,,2646.0,,,
2020-04-15,356.0,8273.0,2937.0,94.0,5242.0,,356.0,5242.0,,,2937.0,,,
2020-04-16,534.0,8807.0,3299.0,105.0,5403.0,,534.0,5403.0,,,3299.0,,,
2020-04-17,445.0,9252.0,3621.0,116.0,5515.0,,445.0,5515.0,,,3621.0,,,
2020-04-18,478.0,9730.0,4035.0,126.0,5569.0,,478.0,5569.0,,,4035.0,,,
2020-04-19,358.0,10088.0,4338.0,133.0,5617.0,,358.0,5617.0,,,4338.0,,,
2020-04-20,419.0,10507.0,4676.0,139.0,5692.0,,419.0,5692.0,,,4676.0,,,
2020-04-21,325.0,10832.0,4969.0,147.0,5716.0,,325.0,5716.0,,,4969.0,,,
2020-04-22,464.0,11296.0,5386.0,160.0,5750.0,,464.0,5750.0,,,5386.0,,,
2020-04-23,516.0,11812.0,5804.0,168.0,5840.0,,516.0,5840.0,,,5804.0,,,
2020-04-24,494.0,12306.0,6327.0,174.0,5805.0,,494.0,5805.0,,,6327.0,,,
2020-04-25,552.0,12858.0,6746.0,181.0,5931.0,,552.0,5931.0,,,6746.0,,,
2020-04-26,473.0,13331.0,7024.0,189.0,6118.0,,473.0,6118.0,,,7024.0,,,
2020-04-27,482.0,13813.0,7327.0,198.0,6288.0,,482.0,6288.0,,,7327.0,,,
2020-04-28,552.0,14365.0,7710.0,207.0,6448.0,,552.0,6448.0,,,7710.0,,,
2020-04-29,520.0,15135.0,8057.0,216.0,6862.0,250.0,770.0,6862.0,,,8057.0,,,
2020-04-30,780.0,16023.0,8580.0,227.0,7216.0,108.0,888.0,7216.0,,,8580.0,,,
2020-05-01,882.0,17008.0,9018.0,234.0,7756.0,103.0,985.0,7756.0,,,9018.0,,,
2020-05-02,1246.0,18435.0,9572.0,247.0,8616.0,181.0,1427.0,8616.0,,,9572.0,,,
2020-05-03,1112.0,19663.0,10041.0,260.0,9362.0,116.0,1228.0,9362.0,,,10041.0,,,
2020-05-04,876.0,20643.0,10415.0,270.0,9958.0,104.0,980.0,9958.0,,,10415.0,,,
2020-05-05,1317.0,22016.0,10710.0,275.0,11031.0,56.0,1373.0,11031.0,,,10710.0,,,
2020-05-06,893.0,23048.0,11189.0,281.0,11578.0,139.0,1032.0,11578.0,,,11189.0,,,
2020-05-07,1343.0,24581.0,11664.0,285.0,12632.0,190.0,1533.0,12632.0,,,11664.0,,,
2020-05-08,1183.0,25972.0,12160.0,294.0,13518.0,208.0,1391.0,13518.0,,,12160.0,,,
2020-05-09,1004.0,27219.0,12667.0,304.0,14248.0,243.0,1247.0,14248.0,,,12667.0,,,
2020-05-10,1406.0,28866.0,13112.0,312.0,15442.0,241.0,1647.0,15442.0,,,13112.0,,,
2020-05-11,975.0,30063.0,13605.0,323.0,16135.0,222.0,1197.0,16135.0,,,13605.0,,,
2020-05-12,1479.0,31721.0,14125.0,335.0,17261.0,179.0,1658.0,17261.0,,,14125.0,,,
2020-05-13,2152.0,34381.0,14865.0,346.0,19170.0,508.0,2660.0,19170.0,,,14865.0,,,
2020-05-14,2301.0,37040.0,15655.0,368.0,21017.0,358.0,2659.0,21017.0,,,15655.0,,,
2020-05-15,2112.0,39542.0,16614.0,394.0,22534.0,390.0,2502.0,22534.0,,,16614.0,,,
2020-05-16,1573.0,41428.0,18014.0,421.0,22993.0,313.0,1886.0,22993.0,,,18014.0,,,
2020-05-17,2024.0,43781.0,19213.0,450.0,24118.0,329.0,2353.0,24118.0,,,19213.0,,,
2020-05-18,2018.0,46059.0,20165.0,478.0,25416.0,260.0,2278.0,25416.0,,,20165.0,,,
2020-05-19,3099.0,49579.0,21507.0,509.0,27563.0,421.0,3520.0,27563.0,,,21507.0,,,
2020-05-20,3647.0,53617.0,22504.0,544.0,30569.0,391.0,4038.0,30569.0,,,22504.0,,,
2020-05-21,3538.0,57581.0,23992.0,589.0,33000.0,426.0,3964.0,33000.0,,,23992.0,,,
2020-05-22,3863.0,61857.0,25342.0,630.0,35885.0,413.0,4276.0,35885.0,,,25342.0,,,
2020-05-23,3237.0,65393.0,26546.0,673.0,38174.0,299.0,3536.0,38174.0,,,26546.0,,,
2020-05-24,3343.0,69102.0,28148.0,718.0,40236.0,366.0,3709.0,40236.0,,,28148.0,,,
2020-05-25,4428.0,73997.0,29302.0,761.0,43934.0,467.0,4895.0,43934.0,,,29302.0,,,
2020-05-26,3618.0,77961.0,30915.0,806.0,46240.0,346.0,3964.0,46240.0,,,30915.0,,,
2020-05-27,3956.0,82289.0,33540.0,841.0,47908.0,372.0,4328.0,47908.0,,,33540.0,,,
2020-05-28,4128.0,86943.0,36115.0,890.0,49938.0,526.0,4654.0,49938.0,,,36115.0,,,
2020-05-29,3355.0,90638.0,38598.0,944.0,51096.0,340.0,3695.0,51096.0,,,38598.0,,,
2020-05-30,3736.0,94858.0,40431.0,997.0,53430.0,484.0,4220.0,53430.0,,,40431.0,,,
2020-05-31,4437.0,99688.0,42727.0,1054.0,55907.0,393.0,4830.0,55907.0,,,42727.0,,,
2020-06-01,5082.0,105159.0,44946.0,1113.0,59100.0,389.0,5471.0,59100.0,,,44946.0,,,
2020-06-02,3206.0,108686.0,,1188.0,21325.0,321.0,3527.0,59107.0,21325.0,86173.0,48391.0,,,
2020-06-03,4537.0,113628.0,,1275.0,21605.0,405.0,4942.0,60011.0,21605.0,90748.0,52342.0,,,
2020-06-04,4172.0,118292.0,,1356.0,21305.0,492.0,4664.0,60711.0,21305.0,95631.0,56225.0,,,
2020-06-05,3790.0,122499.0,,1448.0,21693.0,417.0,4207.0,60642.0,21693.0,99358.0,60409.0,,,
2020-06-06,4888.0,127745.0,,1541.0,22387.0,358.0,5246.0,62352.0,22387.0,103817.0,63852.0,,,
2020-06-07,5760.0,134150.0,,2190.0,24363.0,645.0,6405.0,65048.0,24363.0,107597.0,66912.0,,,
2020-06-08,4237.0,138846.0,,2264.0,24334.0,459.0,4696.0,64849.0,24334.0,112248.0,71733.0,,,
2020-06-09,3587.0,142759.0,,2283.0,23115.0,326.0,3913.0,64798.0,23115.0,117361.0,75678.0,,,
2020-06-10,5226.0,148496.0,,2475.0,24201.0,511.0,5737.0,66207.0,24201.0,121820.0,79814.0,,,
2020-06-11,5089.0,154092.0,,2648.0,25000.0,507.0,5596.0,67149.0,25000.0,126444.0,84295.0,,,
2020-06-12,6217.0,160846.0,,2870.0,26618.0,537.0,6754.0,70208.0,26618.0,131358.0,87768.0,,,
2020-06-13,5969.0,167355.0,,3101.0,26958.0,540.0,6509.0,72497.0,26958.0,137296.0,91757.0,,,
2020-06-14,6368.0,174293.0,,3323.0,27266.0,570.0,6938.0,74605.0,27266.0,143704.0,96365.0,,,
2020-06-15,4660.0,179436.0,,3362.0,27282.0,483.0,5143.0,74277.0,27282.0,148792.0,101797.0,,,
2020-06-16,4498.0,184449.0,,3383.0,24834.0,515.0,5013.0,75763.0,24834.0,156232.0,105303.0,,,
2020-06-17,4320.0,220628.0,,3615.0,35082.0,437.0,4757.0,75346.0,35082.0,181931.0,141667.0,,,
2020-06-18,4060.0,225103.0,,3841.0,34821.0,383.0,4475.0,106811.0,34821.0,186441.0,114451.0,,,
2020-06-19,5016.0,231393.0,,4093.0,35809.0,599.0,6290.0,108894.0,35809.0,191491.0,118406.0,,,
2020-06-20,4564.0,236748.0,,4295.0,35844.0,418.0,5355.0,109003.0,35844.0,196609.0,123450.0,,,
2020-06-21,4181,242355,,4479,37307,594,5607,108205.0,37307,200569,129671.0,21897.0,10482.0,832.0
